1000
4
4692935926966274504
3733821626497578479
5140543610093499186
2912586827149498630
2672569167913572969
8528986047244051246
7458529627405062496
2921894216630412509
2903419764041010940
2744965016876117350
6397495486035605546
3699973787730682185
5954584239575133763
7761349478633901754
6760849924077673450
2694422011848189058
40696747403031735
9136303747256414145
7271186281982370647
5586537554131471338
8363860520063996187
6725616107311201208
1730576000271071550
2737746369790126009
7594531156631246365
2695006503590627083
5157716220151188043
7441263052694384579
2511625000188440496
1415512998016689034
4727253106775996718
4169739642715595592
6003789103985461056
1993474415114705442
8454117928069660473
8333128084713148537
4652428769747626992
7922685693852905585
994814693768896936
7167849783786512224
3547330357765054502
1286889732319595869
2864448588215567555
425601776634776683
330033577334203623
2574042469898289426
3607845171447882475
3365186355234842597
1641802633574929644
4360276012063932455
516491038978390710
5193659484511218079
8311717784110850602
3379868976609999317
1991421126636291926
642256456662552270
1356127282627290729
5233001608427072853
6999692084094651496
7071448562260426534
48718643995347204
972447455549794021
7640448166874111384
4895835936163313229
3939398701115477456
5021680663291840532
4310839884042065445
2638504266641773809
4863297360649139945
5707651278816285283
6806633844810971406
7537252544192535051
5966685132053703856
1218730109636534210
26817900774066692
6920696631618853690
6295927425790049591
5361763742016960917
7809867640637612194
7810766475774600307
8788496033330515251
5062494670440387519
3513897389889945926
410207197429733775
7125430394729525658
5014066298535752132
996405107916126570
3893922063963468346
7912633546849268820
3174718649997100939
1265388428821142136
2455116450697310224
7302378831337322901
1607739562623819818
7370815711097117849
8108223464249294302
6096226203736730091
212367460091009561
2220061117935340984
1379893711230996351
1697277298973017962
3646192222777471624
6277344411948518157
3445457216263705484
8470927266766108341
6653121963445913241
4027598868986683712
8112096963636324891
8302327798148780243
7806685180305181698
2120180607321176979
2618734834014942196
6554970434674068420
3448687931852467091
3775174560656991609
2109882674136411801
6584462224376509957
8074780101722529865
8194947166096055345
3113453660780688630
1142669467390752110
7231759200519873176
2161523747610722352
8932511237474807822
1906407450848943869
2960734191497867244
5567608982992245534
4743069202531743603
8891346145415255578
6887958342321488998
7395258104206396328
6025452383743852854
8319589259190369366
9017437214374772436
42448409841831175
1310515653657590408
8640933830529813733
1465706308292144752
3814275182223887192
7593022519526073521
7959635840257219649
4281018209847845007
5467865381014221372
5519793494546729680
5595292150473844207
7963932439954321541
8186963820331566885
983355555010334868
1937647848295470539
4161729614115581507
2865625759577390935
6161844370432184143
7374243427108618070
3917795814435875058
6803014436971665068
5880700905332259540
1804034542133634882
1160152821375059258
1221395337950795370
2435248363370360965
6307869041802230443
3174562909054730909
7040930844403536265
5835226226497312227
3189183479485593274
5401139522154595048
2812490477005748731
6511811843688868878
6319932493545969050
8584393651588620887
4794351816800603766
7014648536364033544
3363251784442113912
8332260579291253786
7827027962721049930
2410241745328312793
1386219447778849506
4629485157555569490
4674341846149568668
1317106152892156223
614822550881479481
3478490999369360625
1897366553111828326
2538649348666981000
717546948992924903
2302985033321447863
6111373980586490643
9073139959405134017
3629114351701949993
3938777086389595309
4402237292781802102
2122979708067484067
3737996015291167940
6216472469641587687
3034380243691602261
3674468991904315797
1271563816442651337
368324381837699508
1700913932317138875
6759629066813429605
1165897953216681641
707449654933715906
5800483047584246375
2134227761087922924
5843200328156417964
6140831225491738702
2708020156472470040
6903235880199106094
6305892969066511733
5593960617134888887
4206788643972313577
716035560616937757
1278977815538878086
4660457427239920527
4259150387096347362
8197698835162692418
1673359965809463715
8285188711732282023
3098294769794322488
2004007023850706439
3271440906324696768
7875312553971962268
3810564254832972982
6669279498986863472
4094059381737089699
7432921350798063007
7374733792934805348
4469407099322131708
5393884540065521691
4858866384041569173
3823303184046902625
1407956022571795994
1156216169683140844
9035794809993737747
1060839139711229104
2486286212545309003
8418526219842573755
8223292559193913754
747684552786115504
1105608003359477010
5372270537483960658
3271802751758005473
7971394467147925753
4380705242722286638
6639132410876337035
3894149173558384307
8846962856286776213
6539723437458581753
8808233998188573887
2525139062937620839