1000
4
3615710295126185765
6111373854813578011
5116116952757082584
7111549808406099535
1200355506384051509
3910117336164732293
7156676673252541301
7715278600297459005
2140109515450785220
7255351643587369442
2814863552547261694
1651589565597825345
3769201097395467261
4287700090171694078
7502762016520390262
5908818848458308975
364747637215283612
2946256415533738097
651400353910624726
702552930948990705
4996639389107596659
2055801289372444896
4768957547179783936
1721326805956517660
4438626525984707073
5964250900849570318
6935164888003689048
8072326182800909967
5811447226559609607
4708590987171618569
2504458609193568798
7707207344864671623
870565605819521280
1694981207919406051
7231867618662973250
8108882381298233050
5925623111086438918
1726047527307115225
631215047490252758
8479164767014851126
1743759958996686510
279750416888293617
1978528046513860910
2684762089955105296
2258882837090621529
7308893159015220705
164626654985456813
4391328268311109037
7186044169325806999
2100633647532306678
7902619803890777234
6755034434799842842
814327242984960923
3832779047156750257
3690714163761900369
1713170701990550303
3442799954436886852
4203845787576035645
3632467671832845032
1657143666500562977
6730878195518826928
4088205609088322065
9151869462231310293
1699651664566923041
6217092591740368105
7561326378456461825
8070219041560017178
6756658078978779181
7185318830527380570
6532186054649013605
6470864337098641652
6404572007803631188
4940512900820638437
6417943342169040125
1639212199096513869
5049075303136891065
859248305130005243
1290975555652410546
3347643220299357477
2668250839474886366
1979812875279031459
6561282719754790288
6369318922999472076
799249345672936898
8109958311408530892
7774548898001923061
5248347897423773742
4605461373438747229
1548003885739251357
3153921165297076627
2623753366655711752
8309811567994293543
5848123857825854704
2893182381267882579
7268451596770626219
2268375367953835140
692309223398558519
4601895904696752320
4573153966375866700
2667622597065944026
6138762796917070685
4894414066482176547
4169510690123005794
3766473241965063592
3781992822305338549
6289412897797322585
3706400097206379663
8696881226141679077
1771197983748962883
1259270195498425217
6848718937801504289
6199627865272383528
391100986274553167
2043488476609710730
8566777787261117649
6090050621808899314
3719907168482852818
1769611213033471928
8902132022008378301
2964289228189063862
8484253621166006664
6391912806979424965
5894109422873859518
3401264634363972594
3281273487024787164
3122463691139426
265054115708635244
7592029194844383984
519030457226458019
7442383785423783948
6206980543435327232
869662127942838260
530946893338124322
6122933985198265650
424979788373848028
1183815405454044631
1649034145371497314
1638175010076878908
5468494116758662243
2157726017118172897
6250365289387704908
7579611846673671910
8537340849101093002
2403252746224536065
4278929397088342954
3584979799581100613
8776885824967617542
5882521899813450633
8079866246842090871
5765540297993686147
1246573039504632708
6353564120099546116
8503407877549453545
6686648948673986057
5882738323827828031
7085483171944706382
7438518965334052974
893154304155013738
6956270922171518049
3754177717907875658
1067397820951887445
4392130171696432395
2604717924133867491
3092327180425069273
8097878893440588275
6821736068626955809
2803781965365045326
1976570841724387969
6527387359138918038
944771904769551500
6784563567072526967
4804573080616726022
3892771286798209899
4303273897817437011
6345357801793100678
5197103073499908133
1108563695912367657
8526168463537972783
6488560430765516553
7598034285879358098
1788842993849348496
2751318285557310595
1952190885907147336
451499389839716162
1307828842145385946
1907662127257924903
3406492137082193861
2143137553249270534
4207962889111590221
5367537911318376047
4988052650714521432
5117905466076656467
334991053885933742
1249073337487623533
383932536079546221
5873376936329651694
7567478301575232524
8551019279945547660
1912962560992912895
8397108408475797930
8166979580471605207
8589890425927768931
7522552076105467349
3771063150567027439
9046076332552901336
7811298756758906853
3081606302553215204
8780512824787017316
4212305146729811322
1540386901636438095
6679337249714222290
7558468765755195642
8437777546676979184
4636596192401350464
4481438382566295669
7009691601405697768
6747181182814184360
3013654561284796912
558174368280944824
1330105060625401400
3277590178376520379
4387367299273192825
3294111670157030497
6971215126125334261
871013209325569708
4901781403609039234
4625267254833660157
9219800841309050191
4148812754191103978
8444476284002580234
5197185319461273976
1283584638179333932
1813799122734307454
1478039915366237305
5144577483890231932
1750726796984860471
8158890998149851307
1599453181301770947
2587826108470632562
6351954072695918031
9076374560302057086
6562980912297646536
6188492258811620539
1242814641300012707
4203315021504913310
2409183902576845459
8669158287002769224
2547910836151487571
8194493309237451553
5398063569443968459