1000
4
7618512932155532705
6564329354453810427
6424583626658614822
3882559558985715297
544298374556151620
1411577256341174711
1851005876783496704
7680098057545885155
4524588639338311635
8339829632403945043
7850920788533407119
8452283623698589539
1516167405347269382
5221355235753180840
8749505284223653483
3363912826275532818
2826978496726905352
244063210751673007
2106144124885494183
2454436292727269905
2287706846394144341
5004219618375963412
2400016373373487956
4398744913518768456
2139099407594365585
7660669230931114476
3472091059133131385
4897228487217070385
219706463598178266
8707484503122443344
2916369556949248361
6850953204530108065
8840305913301500214
3545907865433061820
6356106380231911855
3992396337351904657
6002728295497539567
8563595334377847589
306905893708156551
5165817567064307217
3971209116101074588
877787774179458004
3718205447807063629
43844648874266980
1616674634909623989
5792873041419943889
6148289762807398111
4924220877073785160
1569461666394183742
5284138799676033291
3321514084297200487
5154197895111169053
6506426235480877964
7362168883049086301
4612773783339897955
2966873597308415059
7222409162963751671
4160066943225932424
7020115816411532054
9181753737501593318
3783138504642922030
1420285085164342213
2340666122507762555
3570168760223317468
3481439838513971827
2473370467453766148
2615018823421048966
938122849029498156
6322841184907824762
4086579745706831345
6172717787283388327
4596582039516050777
3680719412336927552
5400751944818929631
3800791532508176434
8123944490086955533
1209915184343514536
7368587964249818698
7699761280042529016
738983691396230085
514624157841874039
4175184342380184535
7010982049107750355
3375059379325347135
3600781949587898970
5962458205497215857
2540132161544772237
5179473175759719933
7657027446002007391
4222204831630352543
4345723639815370918
5345197267019540010
5272179533916193795
8736401718001943633
3005186688493361078
6303958067373633539
2366636099541590163
4503142881620858015
3598820025217751436
1545101641862962309
6280624230858743657
8888583184277934917
2343518532403630693
2312063698634179518
7176872128677747410
5201450748512382263
8413500354330498489
1861501284957681488
4690947202049190847
4332987866336069137
5169063224171958145
1730913362475640295
5755985038839696131
5169323157891511167
1818493238817667090
630923034447253062
6656085272427063394
6054547960561315628
3758529650280396778
5070961822940362877
479296156931897743
1545521098970997143
4589832907539788492
7568260911892180673
6192179338879339417
1178414222663990549
1091954394375904174
5006150209843732713
6418033164394608713
7262673741779073331
6121192357713018907
2950551863343197986
5496518778137177402
3880834158063907827
3318499434259476273
6711433646660519135
3613377720581720070
3515679456517342869
1259525760579886930
7601858070017465500
425957026948747446
8382933894943372757
13934362544242962
9176662918173738698
2480889375474171502
2722750325548664021
5973779772726935823
1178061796192728909
7621732979653334020
1460060189756795905
5583133255288049397
4994454128828517965
5649614256318345319
1951802834640892664
818647920060723307
3370483705855602961
2553702062855110973
4545775229009249974
2803388765622856559
4150667227982313961
7550098306946340684
5071943238197985658
3640864440133676358
7353224340594085552
1374442922717112987
211191614297831881
4606982471122359420
3578613553594956268
1193844761278409068
6362322479846702534
2401597473379330686
8876707322287486646
3815818156894454324
5503791661830201038
3707689438757327366
8341051591918508722
5321011771904896516
1909733927162759139
4145221442231961554
8763456365332409298
1512956333164214386
5779830637271976572
4369702591921037917
9176439490709587622
3734813452249092502
2149509956936655713
1870242602683056022
5145264282138670378
7422258580977188039
3946892924713499663
1538341782747290681
1358285590856271588
3023372568841014399
8577598423358250781
8476415562894081720
2732829090761229246
5746721732980393065
1532148118647626045
6918860870536639422
1902841827527590821
7692262526249817315
8850265771246123916
1878531507207433270
1417628266102388900
977989107055180183
3239898842167816218
6284208624614671781
8728210227781673000
5271236020580743000
895712279481477818
2627036742350987657
1240379299807581029
8361525115976216353
3990372765737428505
8505746274595640232
2550163404636787298
2088492742510576215
4975988322643875638
822298034210589131
706974867126851106
5648097620236496563
5145262924330990517
5939700524065869873
3109617055126234359
3595792036897712829
8263779017729663568
6996240700483227088
5070165365255441089
7972336880888681663
8924171067098504375
7600725149043056152
7196991040354408048
4959572916626809044
8770334307306945000
4899866489112638501
7953232629791396774
8636918169980420327
7878486025810827308
7112979425775128537
7784971165732507830
4696449752760047259
6794197776853374700
4351128352841614182
6331900778596703826
8955456898483389446
7569780339729253312
5307894641719678198
97448399518511028
7889214383066755501
766280466273867328