1000
4
1700264396781585043
3654371941523181678
2421915057695938486
6552037112210108339
738305515411658754
9121451804498869655
2130594310784280076
6084163867658114188
6097389740079953056
6778905848985534233
2048765384522136641
3346816281309865629
557929557562976909
5406411658959393452
2006895769647231818
5817335475912753601
8082068690885424542
8934123385554403008
2927854295999469900
6735584460823921720
115285681640267972
5218694316701535386
4019471387992522875
3372799859896454815
9113530759261009497
8109617199047909641
5790105122010511456
8372456136775228591
2041044728020320442
5779897734307261223
7324737776283338881
4100455746215243687
5864192570464476653
4416952013305464779
2511371559365014025
4620260223495094234
4821081981395613579
1383149089026525386
780793088182968019
1704921672443120322
3530898649868310538
1327047504607593998
4592190202159038027
4181379517836711862
825743693438302815
1025838582081763802
2277553189734691365
1982254680826829405
5674788676860850747
7609838754494925004
2996760720124999917
6081529665599470336
5363053016579685373
9092889727469499617
873430246848615957
6514556479332159865
4733801307258672335
2318005080020939961
8890968387172047608
6800615918291239736
4374726810761910038
7304317299743904163
3662432755488338703
6788531991361260389
5013524831946853893
2750982781320190943
6004235550528407005
7510275827647842045
1632051232677038168
6156959132540919249
5304585267567218882
7936876586783663624
2946945443526578589
638420487720523469
2993330090710461038
278407259538957342
3675855928874860999
6054394504309024824
3485688898025920658
1292889945428076755
5764504868601720991
5652398383056446148
5675267264126819833
8935615074659500779
980318982942152937
4020857289921524806
6176736425640570841
4041206419064719692
8366518618275913481
1706478749111134654
402701391342362015
1245229808199341267
4116573863497465149
169735336579682222
2885870845852647923
8323378978738141382
3271248361461789588
8105164430419783439
5694810801410058749
5600261526669244786
2712270454277504173
5076807428210466916
5244259354075108383
1000811692944992669
5012556563700751769
5973672800057335470
5675514781956135974
5589657586686218958
170447270025541025
4693626462192996733
7099505977363266334
5040953985226289722
3886451400484583465
3335481470246482778
3007530134241353639
974825315026733563
4644485293941427797
1957601673448124290
7636820232251004083
7189421193041234277
4241719061826815942
6052493887043902472
5284481290329335124
1758132363140433545
1764482250168386820
242998124240681670
7411599167015727224
2744476861641798454
2243195963312139699
700414066670370964
774409228663789702
118677129694943145
5850295281214002140
6938384868709482943
4860597314330209504
661261928417659641
6684644974177095373
4802297950813072471
8374842549792318672
4668958463806890325
8565267939537466395
8533507398855917796
1272830960588159742
1183861045894381516
3821508673729885762
4549405439864258364
1680933193635986650
388809175176784399
3276315463458625429
4863734166773437228
3943457307973333476
2455924696394267884
2313256220159606480
6013826440648323136
425731555921467127
5468619082696355495
4634730535479711944
262515821545721323
2948386792681667237
4285920807137801525
3895500942920837579
4307894418023904531
8333826834932042189
4078821351150390798
4317780077556864170
8565775409523850222
4098150486457956500
2028437232132022856
7788474833895386715
1533032253205694104
1039596733322513847
5087539771298090118
7532307647731138600
3614327675514389119
956108570794189784
2480670727841292297
8894779741052440893
7373831780372061435
6732644390107846996
5410829560167626130
2589696230316438784
4152103725782521904
6546203893498829739
5901457395822483365
7554042997558564393
2861616727105971128
8952255408905070680
2819713912919653762
8883789932147466781
2297185970622736782
7327343471412074490
7880749908215737690
8443649525253246185
8992969670168290824
8410896919528965713
902690327156784039
7398768154540514962
5096544616543645422
5486785841405218525
3474368366061769984
5569299882658915071
7575552298814502732
5377909734069173422
5068848165918224778
8482811018954924151
9207328618661240545
7766031912756695351
576495786156766770
2784550310516730267
6838737788244139574
5190909581726656731
1196451304214596650
2175090562691738153
3289127153367244138
8632632208423120924
2033559834207724756
2136030939475690628
6789874598095379479
681701397561246925
3040598756382077249
8210266965331100008
7040318194052944217
3421534911281067050
8067474157018390151
772825374085122864
3462757950066209669
6156509256188535898
6704440290720774411
6371153237300068446
5814763803702438335
4653833710786126086
4927412277435161796
8682584209487651642
3545689335426821654
2852500530800270534
1745643196781042185
7659055407210783073
7537472548330128058
2931162991153478821
8813615741932935543
922135956581735544
7697426052974740121
4553652863303614460
3582572347792938075
7509898513297197759
8424089589279811761
4075402111506472031
9017243982415626810
6329871323365053002
1532535221029575228